    1.000000      0.2310015E-02
   0.9884350      0.5263825E-02
   0.9737272      0.8960323E-02
   0.9575139      0.1295972E-01
   0.9398478      0.1722994E-01
   0.9208659      0.2171985E-01
   0.9007668      0.2636638E-01
   0.8797739      0.3110481E-01
   0.8581022      0.3587689E-01
   0.8359360      0.4063500E-01
   0.8134224      0.4534288E-01
   0.7906736      0.4997377E-01
   0.7677729      0.5450812E-01
   0.7447833      0.5893130E-01
   0.7217524      0.6323182E-01
   0.6987181      0.6740007E-01
   0.6757117      0.7142742E-01
   0.6527603      0.7530563E-01
   0.6298879      0.7902663E-01
   0.6071171      0.8258212E-01
   0.5844702      0.8596349E-01
   0.5619680      0.8916202E-01
   0.5396324      0.9216858E-01
   0.5174844      0.9497386E-01
   0.4955458      0.9756850E-01
   0.4738392      0.9994294E-01
   0.4523874      0.1020878    
   0.4312151      0.1039939    
   0.4103477      0.1056523    
   0.3898120      0.1070548    
   0.3696375      0.1081940    
   0.3498549      0.1090634    
   0.3304979      0.1096582    
   0.3116022      0.1099752    
   0.2932058      0.1100133    
   0.2753482      0.1097743    
   0.2580700      0.1092627    
   0.2414111      0.1084864    
   0.2254094      0.1074568    
   0.2100986      0.1061884    
   0.1955064      0.1046990    
   0.1816525      0.1030087    
   0.1685474      0.1011394    
   0.1561917      0.9911362E-01
   0.1445761      0.9695373E-01
   0.1336826      0.9468115E-01
   0.1234855      0.9231561E-01
   0.1139533      0.8987466E-01
   0.1050508      0.8737359E-01
   0.9674032E-01  0.8482521E-01
   0.8898360E-01  0.8224001E-01
   0.8174269E-01  0.7962631E-01
   0.7498104E-01  0.7699057E-01
   0.6866419E-01  0.7433758E-01
   0.6275982E-01  0.7167073E-01
   0.5723828E-01  0.6899220E-01
   0.5207252E-01  0.6630325E-01
   0.4723813E-01  0.6360434E-01
   0.4271334E-01  0.6089534E-01
   0.3847873E-01  0.5817566E-01
   0.3451732E-01  0.5544443E-01
   0.3081414E-01  0.5270044E-01
   0.2735632E-01  0.4994247E-01
   0.2413288E-01  0.4716927E-01
   0.2113462E-01  0.4437976E-01
   0.1835391E-01  0.4157308E-01
   0.1578443E-01  0.3874864E-01
   0.1342120E-01  0.3590633E-01
   0.1126038E-01  0.3304680E-01
   0.9298732E-02  0.3017105E-01
   0.7533914E-02  0.2728138E-01
   0.5963564E-02  0.2438039E-01
   0.4585515E-02  0.2147186E-01
   0.3397408E-02  0.1856071E-01
   0.2396133E-02  0.1565233E-01
   0.1577765E-02  0.1275283E-01
   0.9373671E-03  0.9868730E-02
   0.4689879E-03  0.7007581E-02
   0.1650611E-03  0.4172967E-02
   0.1793781E-04  0.1380332E-02
   0.1793185E-04 -0.1380094E-02
   0.1650324E-03 -0.4172609E-02
   0.4689396E-03 -0.7007225E-02
   0.9373026E-03 -0.9868389E-02
   0.1577660E-02 -0.1275241E-01
   0.2395988E-02 -0.1565186E-01
   0.3397241E-02 -0.1856026E-01
   0.4585322E-02 -0.2147142E-01
   0.5963295E-02 -0.2437986E-01
   0.7533616E-02 -0.2728086E-01
   0.9298473E-02 -0.3017065E-01
   0.1126004E-01 -0.3304631E-01
   0.1342090E-01 -0.3590595E-01
   0.1578404E-01 -0.3874819E-01
   0.1835350E-01 -0.4157265E-01
   0.2113419E-01 -0.4437934E-01
   0.2413243E-01 -0.4716886E-01
   0.2735576E-01 -0.4994201E-01
   0.3081352E-01 -0.5269996E-01
   0.3451669E-01 -0.5544398E-01
   0.3847814E-01 -0.5817527E-01
   0.4271264E-01 -0.6089490E-01
   0.4723740E-01 -0.6360392E-01
   0.5207184E-01 -0.6630288E-01
   0.5723748E-01 -0.6899180E-01
   0.6275901E-01 -0.7167035E-01
   0.6866326E-01 -0.7433718E-01
   0.7498004E-01 -0.7699016E-01
   0.8174157E-01 -0.7962589E-01
   0.8898238E-01 -0.8223958E-01
   0.9673902E-01 -0.8482479E-01
   0.1050493     -0.8737317E-01
   0.1139518     -0.8987425E-01
   0.1234839     -0.9231523E-01
   0.1336810     -0.9468081E-01
   0.1445744     -0.9695339E-01
   0.1561899     -0.9911332E-01
   0.1685456     -0.1011392    
   0.1816507     -0.1030085    
   0.1955045     -0.1046988    
   0.2100966     -0.1061882    
   0.2254074     -0.1074566    
   0.2414092     -0.1084863    
   0.2580682     -0.1092626    
   0.2753463     -0.1097742    
   0.2932039     -0.1100133    
   0.3116004     -0.1099752    
   0.3304961     -0.1096583    
   0.3498533     -0.1090635    
   0.3696359     -0.1081941    
   0.3898107     -0.1070549    
   0.4103466     -0.1056524    
   0.4312143     -0.1039940    
   0.4523869     -0.1020879    
   0.4738387     -0.9994300E-01
   0.4955454     -0.9756855E-01
   0.5174838     -0.9497394E-01
   0.5396317     -0.9216868E-01
   0.5619668     -0.8916219E-01
   0.5844685     -0.8596373E-01
   0.6071151     -0.8258243E-01
   0.6298859     -0.7902694E-01
   0.6527584     -0.7530596E-01
   0.6757101     -0.7142771E-01
   0.6987166     -0.6740033E-01
   0.7217510     -0.6323206E-01
   0.7447820     -0.5893155E-01
   0.7677717     -0.5450835E-01
   0.7906724     -0.4997401E-01
   0.8134213     -0.4534312E-01
   0.8359349     -0.4063523E-01
   0.8581013     -0.3587710E-01
   0.8797733     -0.3110496E-01
   0.9007664     -0.2636649E-01
   0.9208656     -0.2171993E-01
   0.9398476     -0.1722997E-01
   0.9575137     -0.1295974E-01
   0.9737272     -0.8960309E-02
   0.9884350     -0.5263825E-02
    1.000000     -0.2310015E-02
