    1.000000      0.2500000E-01
   0.9981539      0.2609240E-01
   0.9948042      0.2808164E-01
   0.9905021      0.3064880E-01
   0.9854500      0.3367972E-01
   0.9797678      0.3710750E-01
   0.9735382      0.4088589E-01
   0.9668233      0.4497925E-01
   0.9596724      0.4935821E-01
   0.9521257      0.5399712E-01
   0.9442174      0.5887361E-01
   0.9359771      0.6396655E-01
   0.9274305      0.6925669E-01
   0.9186006      0.7472560E-01
   0.9095079      0.8035576E-01
   0.9001713      0.8613066E-01
   0.8906077      0.9203429E-01
   0.8808331      0.9805138E-01
   0.8708620      0.1041672    
   0.8607081      0.1103681    
   0.8503840      0.1166402    
   0.8399017      0.1229709    
   0.8292725      0.1293479    
   0.8185071      0.1357595    
   0.8076157      0.1421942    
   0.7966078      0.1486417    
   0.7854927      0.1550914    
   0.7742792      0.1615334    
   0.7629755      0.1679586    
   0.7515900      0.1743577    
   0.7401303      0.1807220    
   0.7286040      0.1870432    
   0.7170182      0.1933132    
   0.7053800      0.1995241    
   0.6936961      0.2056687    
   0.6819730      0.2117392    
   0.6702173      0.2177287    
   0.6584349      0.2236301    
   0.6466318      0.2294367    
   0.6348138      0.2351418    
   0.6229869      0.2407388    
   0.6111562      0.2462214    
   0.5993273      0.2515832    
   0.5875055      0.2568178    
   0.5756958      0.2619193    
   0.5639033      0.2668816    
   0.5521328      0.2716987    
   0.5403893      0.2763647    
   0.5286775      0.2808736    
   0.5170018      0.2852198    
   0.5053668      0.2893977    
   0.4937769      0.2934017    
   0.4822366      0.2972263    
   0.4707501      0.3008661    
   0.4593215      0.3043159    
   0.4479550      0.3075704    
   0.4366547      0.3106246    
   0.4254243      0.3134738    
   0.4142680      0.3161129    
   0.4031897      0.3185374    
   0.3921929      0.3207432    
   0.3812816      0.3227254    
   0.3704593      0.3244805    
   0.3597297      0.3260042    
   0.3490965      0.3272929    
   0.3385630      0.3283432    
   0.3281326      0.3291518    
   0.3178090      0.3297156    
   0.3075956      0.3300318    
   0.2974954      0.3300979    
   0.2875120      0.3299116    
   0.2776486      0.3294709    
   0.2679084      0.3287740    
   0.2582945      0.3278195    
   0.2488101      0.3266062    
   0.2394583      0.3251331    
   0.2302422      0.3233995    
   0.2211646      0.3214053    
   0.2122287      0.3191502    
   0.2034375      0.3166346    
   0.1947938      0.3138590    
   0.1863005      0.3108242    
   0.1779607      0.3075313    
   0.1697769      0.3039817    
   0.1617523      0.3001770    
   0.1538893      0.2961192    
   0.1461910      0.2918104    
   0.1386598      0.2872530    
   0.1312986      0.2824498    
   0.1241101      0.2774035    
   0.1170968      0.2721174    
   0.1102614      0.2665947    
   0.1036066      0.2608391    
   0.9713501E-01  0.2548542    
   0.9084886E-01  0.2486437    
   0.8475107E-01  0.2422118    
   0.7884401E-01  0.2355625    
   0.7313019E-01  0.2287002    
   0.6761211E-01  0.2216291    
   0.6229222E-01  0.2143536    
   0.5717283E-01  0.2068781    
   0.5225646E-01  0.1992071    
   0.4754543E-01  0.1913450    
   0.4304224E-01  0.1832965    
   0.3874928E-01  0.1750660    
   0.3466874E-01  0.1666576    
   0.3080285E-01  0.1580754    
   0.2715433E-01  0.1493245    
   0.2372515E-01  0.1404081    
   0.2051765E-01  0.1313305    
   0.1753414E-01  0.1220954    
   0.1477671E-01  0.1127059    
   0.1224780E-01  0.1031660    
   0.9949505E-02  0.9347840E-01
   0.7883906E-02  0.8364535E-01
   0.6053388E-02  0.7367027E-01
   0.4460037E-02  0.6355502E-01
   0.3106058E-02  0.5330190E-01
   0.1993477E-02  0.4291166E-01
   0.1124382E-02  0.3238448E-01
   0.5010962E-03  0.2172368E-01
   0.1255870E-03  0.1092761E-01
    0.000000       0.000000    
   0.1255870E-03 -0.1092761E-01
   0.5010962E-03 -0.2172368E-01
   0.1124382E-02 -0.3238448E-01
   0.1993477E-02 -0.4291166E-01
   0.3106058E-02 -0.5330190E-01
   0.4460037E-02 -0.6355502E-01
   0.6053388E-02 -0.7367027E-01
   0.7883906E-02 -0.8364535E-01
   0.9949505E-02 -0.9347840E-01
   0.1224780E-01 -0.1031660    
   0.1477671E-01 -0.1127059    
   0.1753414E-01 -0.1220954    
   0.2051765E-01 -0.1313305    
   0.2372515E-01 -0.1404081    
   0.2715433E-01 -0.1493245    
   0.3080285E-01 -0.1580754    
   0.3466874E-01 -0.1666576    
   0.3874928E-01 -0.1750660    
   0.4304224E-01 -0.1832965    
   0.4754543E-01 -0.1913450    
   0.5225646E-01 -0.1992071    
   0.5717283E-01 -0.2068781    
   0.6229222E-01 -0.2143536    
   0.6761211E-01 -0.2216291    
   0.7313019E-01 -0.2287002    
   0.7884401E-01 -0.2355625    
   0.8475107E-01 -0.2422118    
   0.9084886E-01 -0.2486437    
   0.9713501E-01 -0.2548542    
   0.1036066     -0.2608391    
   0.1102614     -0.2665947    
   0.1170968     -0.2721174    
   0.1241101     -0.2774035    
   0.1312986     -0.2824498    
   0.1386598     -0.2872530    
   0.1461910     -0.2918104    
   0.1538893     -0.2961192    
   0.1617523     -0.3001770    
   0.1697769     -0.3039817    
   0.1779607     -0.3075313    
   0.1863005     -0.3108242    
   0.1947938     -0.3138590    
   0.2034375     -0.3166346    
   0.2122287     -0.3191502    
   0.2211646     -0.3214053    
   0.2302422     -0.3233995    
   0.2394583     -0.3251331    
   0.2488101     -0.3266062    
   0.2582945     -0.3278195    
   0.2679084     -0.3287740    
   0.2776486     -0.3294709    
   0.2875120     -0.3299116    
   0.2974954     -0.3300979    
   0.3075956     -0.3300318    
   0.3178090     -0.3297156    
   0.3281326     -0.3291518    
   0.3385630     -0.3283432    
   0.3490965     -0.3272929    
   0.3597297     -0.3260042    
   0.3704593     -0.3244805    
   0.3812816     -0.3227254    
   0.3921929     -0.3207432    
   0.4031897     -0.3185374    
   0.4142680     -0.3161129    
   0.4254243     -0.3134738    
   0.4366547     -0.3106246    
   0.4479550     -0.3075704    
   0.4593215     -0.3043159    
   0.4707501     -0.3008661    
   0.4822366     -0.2972263    
   0.4937769     -0.2934017    
   0.5053668     -0.2893977    
   0.5170018     -0.2852198    
   0.5286775     -0.2808736    
   0.5403893     -0.2763647    
   0.5521328     -0.2716987    
   0.5639033     -0.2668816    
   0.5756958     -0.2619193    
   0.5875055     -0.2568178    
   0.5993273     -0.2515832    
   0.6111562     -0.2462214    
   0.6229869     -0.2407388    
   0.6348138     -0.2351418    
   0.6466318     -0.2294367    
   0.6584349     -0.2236301    
   0.6702173     -0.2177287    
   0.6819730     -0.2117392    
   0.6936961     -0.2056687    
   0.7053800     -0.1995241    
   0.7170182     -0.1933132    
   0.7286040     -0.1870432    
   0.7401303     -0.1807220    
   0.7515900     -0.1743577    
   0.7629755     -0.1679586    
   0.7742792     -0.1615334    
   0.7854927     -0.1550914    
   0.7966078     -0.1486417    
   0.8076157     -0.1421942    
   0.8185071     -0.1357595    
   0.8292725     -0.1293479    
   0.8399017     -0.1229709    
   0.8503840     -0.1166402    
   0.8607081     -0.1103681    
   0.8708620     -0.1041672    
   0.8808331     -0.9805138E-01
   0.8906077     -0.9203429E-01
   0.9001713     -0.8613066E-01
   0.9095079     -0.8035576E-01
   0.9186006     -0.7472560E-01
   0.9274305     -0.6925669E-01
   0.9359771     -0.6396655E-01
   0.9442174     -0.5887361E-01
   0.9521257     -0.5399712E-01
   0.9596724     -0.4935821E-01
   0.9668233     -0.4497925E-01
   0.9735382     -0.4088589E-01
   0.9797678     -0.3710750E-01
   0.9854500     -0.3367972E-01
   0.9905021     -0.3064880E-01
   0.9948042     -0.2808164E-01
   0.9981539     -0.2609240E-01
    1.000000     -0.2500000E-01
