    1.000000      0.1260008E-02
   0.9916797      0.2421469E-02
   0.9803693      0.3981370E-02
   0.9672662      0.5761867E-02
   0.9527168      0.7706247E-02
   0.9371979      0.9743329E-02
   0.9211168      0.1181516E-01
   0.9047377      0.1388564E-01
   0.8882059      0.1593569E-01
   0.8715959      0.1795619E-01
   0.8549446      0.1994303E-01
   0.8382695      0.2189449E-01
   0.8215798      0.2380991E-01
   0.8048805      0.2568902E-01
   0.7881745      0.2753172E-01
   0.7714636      0.2933783E-01
   0.7547495      0.3110711E-01
   0.7380338      0.3283923E-01
   0.7213175      0.3453369E-01
   0.7046019      0.3618988E-01
   0.6878886      0.3780707E-01
   0.6711785      0.3938435E-01
   0.6544731      0.4092062E-01
   0.6377736      0.4241473E-01
   0.6210814      0.4386528E-01
   0.6043979      0.4527078E-01
   0.5877246      0.4662948E-01
   0.5710628      0.4793956E-01
   0.5544141      0.4919897E-01
   0.5377802      0.5040548E-01
   0.5211628      0.5155667E-01
   0.5045635      0.5264997E-01
   0.4879843      0.5368258E-01
   0.4714272      0.5465148E-01
   0.4548943      0.5555344E-01
   0.4383881      0.5638502E-01
   0.4219109      0.5714251E-01
   0.4054657      0.5782198E-01
   0.3890553      0.5841924E-01
   0.3726831      0.5892975E-01
   0.3563529      0.5934875E-01
   0.3400689      0.5967110E-01
   0.3238358      0.5989133E-01
   0.3076591      0.6000356E-01
   0.2915451      0.6000159E-01
   0.2755010      0.5987866E-01
   0.2595355      0.5962764E-01
   0.2436590      0.5924085E-01
   0.2278842      0.5871009E-01
   0.2122266      0.5802662E-01
   0.1967060      0.5718129E-01
   0.1813485      0.5616461E-01
   0.1661884      0.5496716E-01
   0.1512726      0.5358028E-01
   0.1366660      0.5199745E-01
   0.1224582      0.5021652E-01
   0.1087697      0.4824317E-01
   0.9575310E-01  0.4609512E-01
   0.8358250E-01  0.4380544E-01
   0.7242388E-01  0.4142182E-01
   0.6239550E-01  0.3899985E-01
   0.5353688E-01  0.3659173E-01
   0.4580578E-01  0.3423661E-01
   0.3910112E-01  0.3195688E-01
   0.3329450E-01  0.2976013E-01
   0.2825560E-01  0.2764354E-01
   0.2386672E-01  0.2559840E-01
   0.2002778E-01  0.2361294E-01
   0.1665765E-01  0.2167450E-01
   0.1369175E-01  0.1977029E-01
   0.1108021E-01  0.1788817E-01
   0.8785647E-02  0.1601704E-01
   0.6780956E-02  0.1414695E-01
   0.5048232E-02  0.1227003E-01
   0.3577076E-02  0.1038122E-01
   0.2362603E-02  0.8478994E-02
   0.1403574E-02  0.6567346E-02
   0.6990496E-03  0.4656911E-02
   0.2435244E-03  0.2761287E-02
   0.2599312E-04  0.9055203E-03
   0.2600681E-04 -0.9057585E-03
   0.2435661E-03 -0.2761522E-02
   0.6991190E-03 -0.4657140E-02
   0.1403717E-02 -0.6567674E-02
   0.2362780E-02 -0.8479304E-02
   0.3577214E-02 -0.1038141E-01
   0.5048465E-02 -0.1227030E-01
   0.6781206E-02 -0.1414720E-01
   0.8785937E-02 -0.1601729E-01
   0.1108055E-01 -0.1788842E-01
   0.1369222E-01 -0.1977060E-01
   0.1665820E-01 -0.2167483E-01
   0.2002842E-01 -0.2361329E-01
   0.2386731E-01 -0.2559869E-01
   0.2825630E-01 -0.2764385E-01
   0.3329512E-01 -0.2976037E-01
   0.3910191E-01 -0.3195716E-01
   0.4580663E-01 -0.3423689E-01
   0.5353796E-01 -0.3659204E-01
   0.6239672E-01 -0.3900016E-01
   0.7242528E-01 -0.4142214E-01
   0.8358397E-01 -0.4380573E-01
   0.9575457E-01 -0.4609538E-01
   0.1087711     -0.4824340E-01
   0.1224595     -0.5021669E-01
   0.1366672     -0.5199758E-01
   0.1512738     -0.5358040E-01
   0.1661896     -0.5496726E-01
   0.1813498     -0.5616470E-01
   0.1967072     -0.5718137E-01
   0.2122277     -0.5802668E-01
   0.2278853     -0.5871012E-01
   0.2436601     -0.5924088E-01
   0.2595365     -0.5962766E-01
   0.2755018     -0.5987867E-01
   0.2915458     -0.6000159E-01
   0.3076599     -0.6000356E-01
   0.3238366     -0.5989131E-01
   0.3400696     -0.5967108E-01
   0.3563537     -0.5934873E-01
   0.3726837     -0.5892973E-01
   0.3890559     -0.5841921E-01
   0.4054664     -0.5782196E-01
   0.4219116     -0.5714249E-01
   0.4383888     -0.5638498E-01
   0.4548950     -0.5555340E-01
   0.4714278     -0.5465144E-01
   0.4879850     -0.5368254E-01
   0.5045643     -0.5264992E-01
   0.5211635     -0.5155662E-01
   0.5377812     -0.5040541E-01
   0.5544151     -0.4919889E-01
   0.5710636     -0.4793949E-01
   0.5877255     -0.4662940E-01
   0.6043989     -0.4527070E-01
   0.6210825     -0.4386518E-01
   0.6377748     -0.4241463E-01
   0.6544743     -0.4092051E-01
   0.6711797     -0.3938423E-01
   0.6878897     -0.3780695E-01
   0.7046032     -0.3618976E-01
   0.7213187     -0.3453358E-01
   0.7380347     -0.3283912E-01
   0.7547505     -0.3110702E-01
   0.7714643     -0.2933774E-01
   0.7881752     -0.2753164E-01
   0.8048813     -0.2568894E-01
   0.8215805     -0.2380982E-01
   0.8382702     -0.2189440E-01
   0.8549452     -0.1994294E-01
   0.8715969     -0.1795607E-01
   0.8882067     -0.1593559E-01
   0.9047385     -0.1388553E-01
   0.9211176     -0.1181507E-01
   0.9371984     -0.9743268E-02
   0.9527171     -0.7706216E-02
   0.9672666     -0.5761813E-02
   0.9803695     -0.3981344E-02
   0.9916798     -0.2421447E-02
    1.000000     -0.1260008E-02
